
*****************************************************************
*                          rrQNet                               *
*         Residue-residue quality estimation net                *
*  For comments, please email to bhattacharyad@auburn.edu       *
*****************************************************************

T0968s2.metapsicov-score: 0.7413793103448276
The score is based on the following contacts: 

21 28 0 8 0.5091566
22 28 0 8 0.5641315
27 46 0 8 0.67616916
27 47 0 8 0.6449635
28 45 0 8 0.7799693
28 46 0 8 0.78532696
29 43 0 8 0.87464285
29 44 0 8 0.7983987
29 45 0 8 0.8663342
30 43 0 8 0.83489406
30 44 0 8 0.82774365
31 41 0 8 0.875556
31 42 0 8 0.85843146
31 43 0 8 0.88267577
32 40 0 8 0.67749393
32 41 0 8 0.84713674
32 42 0 8 0.847451
32 43 0 8 0.58659863
33 39 0 8 0.80506074
33 40 0 8 0.8187219
33 41 0 8 0.78350097
34 40 0 8 0.7980334
49 71 0 8 0.53970253
50 68 0 8 0.7240928
50 69 0 8 0.6021017
50 70 0 8 0.6162002
51 67 0 8 0.73214364
51 68 0 8 0.6709535
51 69 0 8 0.66632324
52 66 0 8 0.7773297
52 67 0 8 0.6183804
52 68 0 8 0.6150714
53 65 0 8 0.7235131
53 66 0 8 0.6350076
53 67 0 8 0.66613144
54 64 0 8 0.81782705
54 65 0 8 0.6871541
54 66 0 8 0.66135705
55 63 0 8 0.72689784
55 64 0 8 0.7102883
55 65 0 8 0.6625519
56 62 0 8 0.7602641
56 63 0 8 0.6635126
56 64 0 8 0.618863
57 63 0 8 0.6538805
71 88 0 8 0.66293305
71 89 0 8 0.61710274
71 90 0 8 0.50958085
72 88 0 8 0.7652911
72 89 0 8 0.64030504
73 86 0 8 0.66969895
73 87 0 8 0.74980056
73 88 0 8 0.75260186
74 86 0 8 0.7232404
74 87 0 8 0.80495924
74 89 0 8 0.658556
75 85 0 8 0.7219405
75 86 0 8 0.7919972
76 84 0 8 0.75507694
76 85 0 8 0.7306257
76 86 0 8 0.5070801
77 83 0 8 0.75918937
77 84 0 8 0.68741983
77 85 0 8 0.54520816
78 84 0 8 0.5199838
83 101 0 8 0.60279185
83 102 0 8 0.6857809
84 100 0 8 0.69164455
84 101 0 8 0.7373767
84 102 0 8 0.64542216
85 100 0 8 0.7578007
85 101 0 8 0.70840037
85 102 0 8 0.56245464
86 98 0 8 0.73384553
86 99 0 8 0.76436865
86 100 0 8 0.7149911
87 97 0 8 0.69513464
87 98 0 8 0.75367296
87 99 0 8 0.6536385
88 96 0 8 0.7200197
88 97 0 8 0.7052283
88 98 0 8 0.6314274
89 95 0 8 0.74276674
89 96 0 8 0.7107338
89 97 0 8 0.6224681
90 96 0 8 0.70989263
